Berelido = 0
Berel = 0
Szin = 3,3
Pos = 68.816001,-279.484008,1.577000,358.769012,0,0
Model = 450
