Berelido = 0
Berel = 0
Szin = 3,3
Pos = 65.166000,-279.622009,1.577000,1.901000,0,0
Model = 450
