Berelido = 0
Berel = 0
Szin = 3,3
Pos = 26.781000,-279.165008,2.328000,347.513000,0,0
Model = 450
