Berelido = 0
Berel = 0
Szin = 3,3
Pos = 23.770000,-277.903015,2.404000,347.513000,0,0
Model = 450
