Berelido = 0
Berel = 0
Szin = 4,4
Pos = 2280.187011,-2353.165039,13.545000,225.261001,0,0
Model = 591
