Berelido = 0
Berel = 0
Szin = 6,6
Pos = 2283.767089,-2350.072021,13.545000,227.768005,0,0
Model = 591
