Berelido = 0
Berel = 0
Szin = 6,6
Pos = 2287.206054,-2345.468017,13.545000,225.889007,0,0
Model = 591
