Berelido = 0
Berel = 0
Szin = 6,6
Pos = 2290.248046,-2343.602050,13.545000,226.201004,0,0
Model = 591
