Berelido = 0
Berel = 0
Szin = 6,6
Pos = 2294.885009,-2337.875000,13.545000,226.516006,0,0
Model = 591
