Berelido = 0
Berel = 0
Szin = 6,6
Pos = 2298.510009,-2334.760009,13.545000,226.516006,0,0
Model = 591
