Berelido = 0
Berel = 0
Szin = 6,6
Pos = 687.773010,886.116027,-39.284000,96.194000,0,0
Model = 450
