Berelido = 0
Berel = 0
Szin = 6,6
Pos = 684.958007,909.684020,-40.115001,85.513000,0,0
Model = 450
