Berelido = 0
Berel = 0
Szin = 3,3
Pos = 61.256000,-279.388000,1.577000,1.901000,0,0
Model = 450
