Berelido = 0
Berel = 0
Szin = 9,9
Pos = -2305.010009,2418.131103,4.914000,317.699005,0,0
Model = 435
