Berelido = 0
Berel = 0
Szin = 9,9
Pos = -2301.791015,2415.541015,4.914000,310.492004,0,0
Model = 435
