Berelido = 0
Berel = 0
Szin = 9,9
Pos = -2296.156005,2410.822021,4.914000,310.492004,0,0
Model = 435
