Berelido = 0
Berel = 0
Szin = 9,9
Pos = -2292.372070,2407.257080,4.914000,310.492004,0,0
Model = 435
