Berelido = 0
Berel = 0
Szin = 9,9
Pos = -2288.489013,2403.339111,4.914000,297.959014,0,0
Model = 435
