Berelido = 0
Berel = 0
Szin = 9,9
Pos = -2281.415039,2394.625000,4.914000,297.959014,0,0
Model = 435
