Berelido = 0
Berel = 0
Szin = 9,9
Pos = -2277.322021,2390.583007,4.927000,297.959014,0,0
Model = 435
