Berelido = 0
Berel = 0
Szin = 9,9
Pos = -1744.770019,91.175003,4.151000,1.039000,0,0
Model = 591
