Berelido = 0
Berel = 0
Szin = 9,9
Pos = -1740.102050,91.152000,4.190000,0.469000,0,0
Model = 591
