Berelido = 0
Berel = 0
Szin = 3,3
Pos = 56.485000,-279.161010,1.588000,1.901000,0,0
Model = 450
