Berelido = 0
Berel = 0
Szin = 9,9
Pos = -1735.463012,90.731002,4.190000,358.901000,0,0
Model = 591
