Berelido = 0
Berel = 0
Szin = 9,9
Pos = -1730.619018,90.788002,4.210000,355.653015,0,0
Model = 591
