Berelido = 0
Berel = 0
Szin = 9,9
Pos = -1720.927001,138.492004,3.552000,89.375000,0,0
Model = 584
