Berelido = 0
Berel = 0
Szin = 9,9
Pos = -1720.774047,133.938003,3.729000,89.259002,0,0
Model = 584
