Berelido = 0
Berel = 0
Szin = 9,9
Pos = -1721.239013,131.309005,3.552000,93.012001,0,0
Model = 584
