Berelido = 0
Berel = 0
Szin = 9,9
Pos = -1720.750000,127.400001,3.552000,92.902000,0,0
Model = 584
