Berelido = 0
Berel = 0
Szin = 10,10
Pos = -2029.286010,-216.136001,35.319000,358.118011,0,0
Model = 435
