Berelido = 0
Berel = 0
Szin = 10,10
Pos = -2025.201049,-215.985000,35.319000,358.118011,0,0
Model = 435
