Berelido = 0
Berel = 0
Szin = 10,10
Pos = -2021.078002,-214.929000,35.950000,358.108001,0,0
Model = 435
