Berelido = 0
Berel = 0
Szin = 3,3
Pos = 52.923000,-278.915008,1.679000,1.901000,0,0
Model = 450
