Berelido = 0
Berel = 0
Szin = 3,3
Pos = 2455.790039,-2117.312011,13.543000,0.873000,0,0
Model = 499
