Berelido = 0
Berel = 0
Szin = 3,3
Pos = 2466.270019,-2117.266113,13.541000,358.963012,0,0
Model = 499
