Berelido = 0
Berel = 0
Szin = 3,3
Pos = 2471.770019,-2117.354003,13.536000,358.390014,0,0
Model = 499
