Berelido = 0
Berel = 0
Szin = 3,3
Pos = 2445.433105,-2117.395019,13.536000,358.734008,0,0
Model = 499
