Berelido = 0
Berel = 0
Szin = 3,3
Pos = 2461.020019,-2117.197021,13.543000,359.829010,0,0
Model = 499
