Berelido = 0
Berel = 0
Szin = 3,3
Pos = 2450.468017,-2117.351074,13.538000,359.489013,0,0
Model = 499
