Berelido = 0
Berel = 0
Szin = 1,1
Pos = 2681.599121,-2074.343017,14.711000,179.281005,0,0
Model = 584
