Berelido = 0
Berel = 0
Szin = 1,1
Pos = 2689.041015,-2076.016113,14.645000,176.291000,0,0
Model = 584
