Berelido = 0
Berel = 0
Szin = 1,1
Pos = 2640.872070,-2075.656005,14.694000,183.324005,0,0
Model = 584
