Berelido = 0
Berel = 0
Szin = 60,60
Pos = -486.872009,-79.027000,60.949001,356.553009,0,0
Model = 450
