Berelido = 0
Berel = 0
Szin = 3,3
Pos = 49.402000,-278.923004,1.766000,1.901000,0,0
Model = 450
