Berelido = 0
Berel = 0
Szin = 60,60
Pos = -479.437011,-100.069000,61.701000,267.877014,0,0
Model = 450
