Berelido = 0
Berel = 0
Szin = 60,60
Pos = -470.954010,-111.194000,63.062000,349.657012,0,0
Model = 450
