Berelido = 0
Berel = 0
Szin = 60,60
Pos = -466.734008,-110.958000,62.847000,350.286010,0,0
Model = 450
