Berelido = 0
Berel = 0
Szin = 60,60
Pos = -461.898010,-111.027000,62.645000,350.286010,0,0
Model = 450
