Berelido = 0
Berel = 0
Szin = 60,60
Pos = -466.040008,-76.512001,60.110000,248.764007,0,0
Model = 450
