Berelido = 0
Berel = 0
Szin = 60,60
Pos = -480.381011,-104.079002,62.358001,270.385009,0,0
Model = 450
