Berelido = 0
Berel = 0
Szin = 60,60
Pos = -467.148010,-82.333000,60.115001,249.078002,0,0
Model = 450
