Berelido = 0
Berel = 0
Szin = 60,60
Pos = -468.338012,-86.995002,60.130001,249.078002,0,0
Model = 450
