Berelido = 0
Berel = 0
Szin = 3,3
Pos = 1173.108032,1344.083007,10.095000,177.919006,1,0
Model = 571
