Berelido = 0
Berel = 0
Szin = 3,3
Pos = 1174.848022,1344.104003,10.095000,180.121002,1,0
Model = 571
