Berelido = 0
Berel = 0
Szin = 3,3
Pos = 43.566001,-278.950012,1.914000,347.803009,0,0
Model = 450
