Berelido = 0
Berel = 0
Szin = 3,3
Pos = 1171.354003,1344.104003,10.095000,179.621002,1,0
Model = 571
