Berelido = 0
Berel = 0
Szin = 3,3
Pos = 1169.666015,1344.088012,10.095000,180.373001,1,0
Model = 571
