Berelido = 0
Berel = 0
Szin = 3,3
Pos = 1160.180053,1344.104003,10.095000,178.871002,1,0
Model = 571
