Berelido = 0
Berel = 0
Szin = 3,3
Pos = 1168.071044,1344.104003,10.095000,178.516006,1,0
Model = 571
