Berelido = 0
Berel = 0
Szin = 3,3
Pos = 1163.270019,1344.093017,10.095000,181.559005,1,0
Model = 571
