Berelido = 0
Berel = 0
Szin = 3,3
Pos = 1161.656005,1344.088012,10.095000,178.955001,1,0
Model = 571
