Berelido = 0
Berel = 0
Szin = 1,1
Pos = 1016.119750,-1368.203735,13.395770,83.127029,0,0
Model = 423
