Berelido = 0
Berel = 0
Szin = 1,1
Pos = 1017.843627,-1363.934814,13.382963,94.642929,0,0
Model = 423
