Berelido = 0
Berel = 0
Szin = 1,1
Pos = 1015.529174,-1358.669189,13.372220,94.642929,0,0
Model = 423
