Berelido = 0
Berel = 0
Szin = 1,1
Pos = 1002.971496,-1369.039306,13.266098,3.172187,0,0
Model = 423
