Berelido = 0
Berel = 0
Szin = 3,3
Pos = 40.129001,-277.553009,1.993000,347.803009,0,0
Model = 450
