Berelido = 0
Berel = 0
Szin = 0,0
Pos = -1442.227294,-1537.128051,101.757812,338.113250,0,0
Model = 560
