Berelido = 0
Berel = 0
Szin = 3,3
Pos = 35.983001,-277.579010,2.095000,347.803009,0,0
Model = 450
