Berelido = 0
Berel = 0
Szin = 3,3
Pos = 30.374000,-279.127014,2.236000,347.513000,0,0
Model = 450
