Berelido = 0
Berel = 0
Szin = 3,0
Pos = 1941.557006,-2142.227050,13.281000,177.326004,0,0
Model = 574
