Berelido = 0
Berel = 0
Szin = 30,0
Pos = 1935.045043,-2142.052001,13.286000,176.507003,0,0
Model = 574
