Berelido = 0
Berel = 0
Szin = 40,0
Pos = 1947.307006,-2120.633056,13.270000,269.148010,0,0
Model = 574
