Berelido = 0
Berel = 0
Szin = 50,0
Pos = 1938.062011,-2142.125000,13.286000,179.369003,0,0
Model = 574
