Berelido = 0
Berel = 0
Szin = 60,0
Pos = 1928.572021,-2141.766113,13.251000,178.042007,0,0
Model = 574
