Berelido = 0
Berel = 0
Szin = 70,0
Pos = 1931.655029,-2141.885009,13.286000,180.000000,0,0
Model = 574
