Berelido = 0
Berel = 0
Szin = 80,0
Pos = 1947.401000,-2114.031005,13.265000,269.894012,0,0
Model = 574
