Berelido = 0
Berel = 0
Szin = 90,0
Pos = 1944.703002,-2142.322021,13.276000,176.205001,0,0
Model = 574
