Berelido = 0
Berel = 0
Szin = 100,0
Pos = 1925.427001,-2141.892089,13.286000,180.356002,0,0
Model = 574
