Berelido = 0
Berel = 0
Szin = 3,6
Pos = 2120.843017,-1788.609008,13.152000,322.915008,0,0
Model = 448
