Berelido = 0
Berel = 0
Szin = 3,6
Pos = 2119.000000,-1788.593017,13.152000,316.920013,0,0
Model = 448
