Berelido = 0
Berel = 0
Szin = 3,6
Pos = 2116.989013,-1788.555053,13.152000,313.152008,0,0
Model = 448
