Berelido = 0
Berel = 0
Szin = 3,6
Pos = 2107.750000,-1788.503051,13.159000,318.609008,0,0
Model = 448
