Berelido = 0
Berel = 0
Szin = 3,6
Pos = 2109.572021,-1788.494018,13.159000,316.079010,0,0
Model = 448
