Berelido = 0
Berel = 0
Szin = 3,6
Pos = 2111.437011,-1788.500000,13.161000,315.023010,0,0
Model = 448
