Berelido = 0
Berel = 0
Szin = 3,6
Pos = 2113.342041,-1788.598022,13.156000,312.859008,0,0
Model = 448
