Berelido = 0
Berel = 0
Szin = 3,6
Pos = 2115.162109,-1788.633056,13.156000,312.204010,0,0
Model = 448
