Berelido = 0
Berel = 0
Szin = 0,0
Pos = 1186.883056,-1776.046020,13.675000,180.367004,0,0
Model = 431
