Berelido = 0
Berel = 0
Szin = 0,0
Pos = 1186.557006,-1819.875000,13.930000,179.973007,0,0
Model = 437
