Berelido = 0
Berel = 0
Szin = 16,16
Pos = -1877.421020,-143.054000,11.968000,354.104003,0,0
Model = 498
