Berelido = 0
Berel = 0
Szin = 16,16
Pos = -1857.541015,-142.664001,12.031000,1.164000,0,0
Model = 498
