Berelido = 0
Berel = 0
Szin = 16,16
Pos = -1853.411010,-142.410003,11.968000,1.570000,0,0
Model = 498
