Berelido = 0
Berel = 0
Szin = 16,16
Pos = -1866.832031,-142.384002,11.965000,2.453000,0,0
Model = 498
