Berelido = 0
Berel = 0
Szin = 16,16
Pos = -1861.833007,-142.417007,11.972000,359.122009,0,0
Model = 498
