Berelido = 0
Berel = 0
Szin = 16,16
Pos = -1850.187011,-129.815002,11.413000,92.513000,0,0
Model = 509
