Berelido = 0
Berel = 0
Szin = 16,16
Pos = -1849.759033,-127.652000,11.411000,85.777000,0,0
Model = 509
