Berelido = 0
Berel = 0
Szin = 16,16
Pos = -1850.838012,-133.565002,11.413000,82.037002,0,0
Model = 509
