Berelido = 0
Berel = 0
Szin = 16,16
Pos = -1850.385009,-131.893005,11.416000,92.679000,0,0
Model = 509
