Berelido = 0
Berel = 0
Szin = 16,16
Pos = -1851.223022,-135.354003,11.413000,78.000000,0,0
Model = 509
