Berelido = 0
Berel = 0
Szin = 23,23
Pos = 895.453002,-1168.223022,17.611000,180.539001,0,0
Model = 514
