Berelido = 0
Berel = 0
Szin = 5,5
Pos = 867.684020,-1164.562011,16.982000,186.867004,0,0
Model = 591
