Berelido = 0
Berel = 0
Szin = 23,23
Pos = 902.812011,-1168.009033,17.562000,178.940002,0,0
Model = 514
