Berelido = 0
Berel = 0
Szin = 3,3
Pos = 94.124000,-302.501007,1.577000,1.536000,0,0
Model = 403
