Berelido = 0
Berel = 0
Szin = 26,26
Pos = 865.630004,-1239.453002,15.550000,270.023010,0,0
Model = 403
