Berelido = 0
Berel = 0
Szin = 3,3
Pos = 886.567016,-1166.374023,16.975000,167.126007,0,0
Model = 591
