Berelido = 0
Berel = 0
Szin = 8,8
Pos = 1379.357055,1022.004028,10.819000,273.519012,0,0
Model = 403
