Berelido = 0
Berel = 0
Szin = 26,26
Pos = 866.013000,-1250.671020,15.510000,269.411010,0,0
Model = 403
