Berelido = 0
Berel = 0
Szin = 5,5
Pos = 877.270019,-1165.275024,16.975000,183.106002,0,0
Model = 591
