Berelido = 0
Berel = 0
Szin = 3,3
Pos = 89.577003,-302.265014,1.577000,1.536000,0,0
Model = 403
