Berelido = 0
Berel = 0
Szin = 8,8
Pos = 1381.036010,1018.111022,10.819000,273.204010,0,0
Model = 403
