Berelido = 0
Berel = 0
Szin = 26,26
Pos = 865.763000,-1259.956054,15.434000,269.713012,0,0
Model = 403
