Berelido = 0
Berel = 0
Szin = 23,23
Pos = 908.377014,-1167.838012,17.561000,180.270004,0,0
Model = 514
