Berelido = 0
Berel = 0
Szin = 120,120
Pos = -2408.729248,-584.123046,133.288421,214.328765,0,0
Model = 403
