Berelido = 0
Berel = 0
Szin = 0,0
Pos = 2674.708007,-2073.736083,14.673000,185.899002,0,0
Model = 584
