Berelido = 0
Berel = 0
Szin = 0,0
Pos = 2665.791015,-2074.604003,14.659000,175.266006,0,0
Model = 584
