Berelido = 0
Berel = 0
Szin = 180,180
Pos = -2083.489013,-216.722000,35.902000,324.625000,0,0
Model = 514
