Berelido = 0
Berel = 0
Szin = 0,0
Pos = 2648.155029,-2074.613037,14.673000,188.384002,0,0
Model = 584
