Berelido = 0
Berel = 0
Szin = 0,0
Pos = 2695.281005,-2075.831054,14.501000,176.182006,0,0
Model = 584
