Berelido = 0
Berel = 0
Szin = 180,180
Pos = -2062.051025,-217.516006,35.902000,324.272003,0,0
Model = 514
