Berelido = 0
Berel = 0
Szin = 8,8
Pos = 1380.505004,1026.878051,10.819000,273.519012,0,0
Model = 403
