Berelido = 0
Berel = 0
Szin = 120,120
Pos = -2416.169189,-589.864868,133.254318,215.305923,0,0
Model = 403
