Berelido = 0
Berel = 0
Szin = 0,0
Pos = 2656.633056,-2074.947021,14.635000,175.988006,0,0
Model = 584
