Berelido = 0
Berel = 0
Szin = 1,1
Pos = -2395.180908,-597.605285,133.274368,124.577209,0,0
Model = 450
