Berelido = 0
Berel = 0
Szin = 1,1
Pos = -2400.437988,-589.913513,133.282745,122.555091,0,0
Model = 450
