Berelido = 0
Berel = 0
Szin = 1,1
Pos = -2393.609619,-599.894592,132.648437,127.339706,0,0
Model = 450
