Berelido = 0
Berel = 0
Szin = 1,1
Pos = -2401.933349,-587.271484,133.277145,123.448524,0,0
Model = 450
