Berelido = 0
Berel = 0
Szin = 1,1
Pos = -2391.728759,-602.587524,133.270828,124.735153,0,0
Model = 450
