Berelido = 0
Berel = 0
Szin = 180,180
Pos = -2073.333007,-217.518005,35.902000,324.140014,0,0
Model = 514
