Berelido = 0
Berel = 0
Szin = 23,23
Pos = 913.861022,-1168.046020,17.527000,181.768005,0,0
Model = 514
