Berelido = 0
Berel = 0
Szin = 1,1
Pos = -2398.673095,-592.555175,133.273147,123.948898,0,0
Model = 450
