Berelido = 0
Berel = 0
Szin = 180,180
Pos = -2067.885009,-217.826004,35.909000,323.281005,0,0
Model = 514
