Berelido = 0
Berel = 0
Szin = 1,1
Pos = -2396.978515,-595.018676,133.303390,123.809303,0,0
Model = 450
