Berelido = 0
Berel = 0
Szin = 180,180
Pos = -2078.010009,-216.949005,35.902000,324.721008,0,0
Model = 514
