Berelido = 0
Berel = 0
Szin = 23,23
Pos = 919.914001,-1167.612060,17.520000,180.483001,0,0
Model = 514
