Berelido = 0
Berel = 0
Szin = 20,20
Pos = 815.534729,-1215.530639,18.005521,268.579650,0,0
Model = 515
