Berelido = 0
Berel = 0
Szin = 3,3
Pos = 160.694152,-225.266494,1.572371,86.416175,0,0
Model = 515
