Berelido = 0
Berel = 0
Szin = 5,5
Pos = 820.085021,-1163.307006,16.975000,178.720001,0,0
Model = 435
