Berelido = 0
Berel = 0
Szin = 5,5
Pos = 832.679016,-1166.357055,17.534000,181.134002,0,0
Model = 435
