Berelido = 0
Berel = 0
Szin = 5,5
Pos = 840.346008,-1167.041015,17.620000,172.623001,0,0
Model = 435
