Berelido = 0
Berel = 0
Szin = 5,5
Pos = 849.132019,-1165.671020,16.975000,177.466003,0,0
Model = 435
