Berelido = 0
Berel = 0
Szin = 5,5
Pos = 856.838012,-1164.052001,16.975000,184.985000,0,0
Model = 435
