Berelido = 0
Berel = 0
Szin = 0,0
Pos = -232.668228,-121.107528,3.117187,336.414520,1,0
Model = 531
