Berelido = 0
Berel = 0
Szin = 0,0
Pos = -286.931335,-103.344856,3.234709,334.089172,1,0
Model = 532
