Berelido = 0
Berel = 0
Szin = 0,0
Pos = -227.452423,-123.451614,3.084578,346.218109,1,0
Model = 531
