Berelido = 0
Berel = 0
Szin = 0,0
Pos = -168.033004,-1376.609008,3.355000,85.986000,0,0
Model = 478
