Berelido = 0
Berel = 0
Szin = 0,0
Pos = -205.676712,-126.554321,2.555366,338.859375,1,0
Model = 610
