Berelido = 0
Berel = 0
Szin = 0,0
Pos = -200.514785,-125.963218,2.535845,321.743438,1,0
Model = 610
