Berelido = 0
Berel = 0
Szin = 0,0
Pos = -278.603271,-106.696449,3.789855,339.756561,1,0
Model = 532
