Berelido = 0
Berel = 0
Szin = 0,0
Pos = -261.412292,-111.972938,4.105369,344.286437,1,0
Model = 532
