Berelido = 0
Berel = 0
Szin = 0,0
Pos = -202.894714,-126.561332,2.545906,341.314727,1,0
Model = 610
