Berelido = 0
Berel = 0
Szin = 0,0
Pos = -195.495651,-129.231613,2.517100,340.810577,1,0
Model = 610
