Berelido = 0
Berel = 0
Szin = 0,0
Pos = -269.794769,-109.712295,4.019587,342.627319,1,0
Model = 532
