Berelido = 0
Berel = 0
Szin = 0,0
Pos = -295.025665,-98.902572,2.674942,331.135589,1,0
Model = 532
