Berelido = 0
Berel = 0
Szin = 170,0
Pos = -167.018005,-1387.827026,3.308000,91.013000,0,0
Model = 478
