Berelido = 0
Berel = 0
Szin = 130,0
Pos = -167.934005,-1382.243041,3.361000,85.291000,0,0
Model = 478
