Berelido = 0
Berel = 0
Szin = 120,0
Pos = -167.001007,-1391.895019,3.338000,93.663002,0,0
Model = 478
