Berelido = 0
Berel = 0
Szin = 140,0
Pos = -166.261001,-1329.671020,3.223000,90.180000,0,0
Model = 478
