Berelido = 0
Berel = 0
Szin = 0,0
Pos = -224.413833,-124.085563,3.091068,350.350738,1,0
Model = 531
