Berelido = 0
Berel = 0
Szin = 160,0
Pos = -166.414001,-1325.364013,3.325000,93.527000,0,0
Model = 478
