Berelido = 0
Berel = 0
Szin = 100,1
Pos = -166.544006,-1396.208007,3.055000,98.470001,0,0
Model = 478
