Berelido = 0
Berel = 0
Szin = 150,0
Pos = -166.005004,-1338.279052,3.200000,92.842002,0,0
Model = 478
