Berelido = 0
Berel = 0
Szin = 180,0
Pos = -167.936004,-1371.488037,3.357000,87.500000,0,0
Model = 478
