Berelido = 0
Berel = 0
Szin = 190,0
Pos = -167.787002,-1366.953002,3.325000,89.606002,0,0
Model = 478
