Berelido = 0
Berel = 0
Szin = 110,0
Pos = -166.287002,-1333.838012,3.233000,94.791000,0,0
Model = 478
