Berelido = 0
Berel = 0
Szin = 0,0
Pos = -221.803161,-124.680442,3.102849,352.653350,1,0
Model = 531
