Berelido = 0
Berel = 0
Szin = 0,0
Pos = -244.821960,-115.796775,3.081664,340.716796,0,0
Model = 531
