Berelido = 0
Berel = 0
Szin = 0,0
Pos = -253.024932,-112.865737,3.098114,334.454406,0,0
Model = 531
