Berelido = 0
Berel = 0
Szin = 0,0
Pos = -223.994216,-122.776870,4.094871,352.465545,0,0
Model = 532
