Berelido = 0
Berel = 0
Szin = 0,0
Pos = -247.472244,-115.046974,3.082657,341.747863,0,0
Model = 531
