Berelido = 0
Berel = 0
Szin = 0,0
Pos = -192.450912,-126.800598,4.085854,347.728088,0,0
Model = 532
