Berelido = 0
Berel = 0
Szin = 0,0
Pos = -214.732833,-124.265838,4.094095,356.714660,0,0
Model = 532
