Berelido = 0
Berel = 0
Szin = 0,0
Pos = -251.454574,-118.437370,2.539278,343.036682,0,0
Model = 610
