Berelido = 0
Berel = 0
Szin = 0,0
Pos = -250.423660,-113.154815,3.078727,339.728668,0,0
Model = 531
