Berelido = 0
Berel = 0
Szin = 0,0
Pos = -248.907638,-119.318077,2.552747,342.170410,0,0
Model = 610
