Berelido = 0
Berel = 0
Szin = 0,0
Pos = -202.806854,-124.486946,4.094758,346.792480,0,0
Model = 532
