Berelido = 0
Berel = 0
Szin = 0,0
Pos = -254.544830,-117.309104,2.557559,338.153045,0,0
Model = 610
