Berelido = 0
Berel = 0
Szin = 0,0
Pos = -219.057083,-124.907325,3.095499,352.316497,1,0
Model = 531
