Berelido = 0
Berel = 0
Szin = 0,0
Pos = -246.066497,-120.478080,2.562467,343.842529,0,0
Model = 610
