Berelido = 0
Berel = 0
Szin = 0,0
Pos = -216.284088,-125.144622,3.068691,354.656463,1,0
Model = 531
