Berelido = 0
Berel = 0
Szin = 0,0
Pos = -213.441467,-125.472328,3.098428,352.980560,1,0
Model = 531
