Berelido = 0
Berel = 0
Szin = 0,0
Pos = -212.105834,-125.247306,2.551675,194.404403,1,0
Model = 610
