Berelido = 0
Berel = 0
Szin = 0,0
Pos = -197.933868,-128.410964,2.517215,338.999114,1,0
Model = 610
