Berelido = 0
Berel = 0
Szin = 0,0
Pos = -208.389083,-126.680389,2.552268,349.020965,1,0
Model = 610
