Berelido = 0
Berel = 0
Szin = 0,0
Pos = 1961.098022,-1230.630004,19.974000,96.507003,0,0
Model = 572
