Berelido = 0
Berel = 0
Szin = 0,0
Pos = 1962.895019,-1240.739013,20.041000,100.916000,0,0
Model = 572
