Berelido = 0
Berel = 0
Szin = 0,0
Pos = 1961.385009,-1232.520019,19.992000,91.347000,0,0
Model = 572
