Berelido = 0
Berel = 0
Szin = 0,0
Pos = 1963.786010,-1246.432006,20.041000,97.638000,0,0
Model = 572
