Berelido = 0
Berel = 0
Szin = 0,0
Pos = 1963.802001,-1248.758056,20.031000,93.416000,0,0
Model = 572
