Berelido = 0
Berel = 0
Szin = 0,0
Pos = 1963.338012,-1244.635009,20.048000,96.694000,0,0
Model = 572
