Berelido = 0
Berel = 0
Szin = 60,60
Pos = -2033.900024,-215.942001,35.888000,6.644000,0,0
Model = 435
