Berelido = 0
Berel = 0
Szin = 1,1
Pos = -576.214294,-1491.528442,10.707468,212.272918,0,0
Model = 408
