Berelido = 0
Berel = 0
Szin = 1,0
Pos = -543.403198,-1478.152099,10.482948,158.446594,0,0
Model = 408
