Berelido = 0
Berel = 0
Szin = 1,0
Pos = -553.770568,-1481.782836,10.089275,172.216781,0,0
Model = 408
