Berelido = 0
Berel = 0
Szin = 1,0
Pos = -548.578491,-1480.415893,10.288470,162.777847,0,0
Model = 408
