Berelido = 0
Berel = 0
Szin = 1,0
Pos = -564.795349,-1485.085693,10.138234,203.221817,0,0
Model = 408
