Berelido = 0
Berel = 0
Szin = 1,0
Pos = -569.217224,-1487.290405,10.575078,205.136505,0,0
Model = 408
