Berelido = 0
Berel = 0
Szin = 1,0
Pos = -584.242797,-1497.619262,10.717350,236.605392,0,0
Model = 408
