Berelido = 0
Berel = 0
Szin = 1,1
Pos = -572.830993,-1489.598876,10.678586,206.250473,0,0
Model = 408
