Berelido = 0
Berel = 0
Szin = 1,0
Pos = -575.902465,-1530.208251,10.667976,5.620645,0,0
Model = 408
