Berelido = 0
Berel = 0
Szin = 1,0
Pos = -592.285217,-1511.930053,11.549407,250.727996,0,0
Model = 408
