Berelido = 0
Berel = 0
Szin = 1,0
Pos = -576.737121,-1540.339355,10.499691,349.611267,0,0
Model = 408
