Berelido = 0
Berel = 0
Szin = 0,0
Pos = -1981.921020,-2437.375000,30.625000,136.132003,0,0
Model = 578
