Berelido = 0
Berel = 0
Szin = 0,0
Pos = -1986.296020,-2433.406005,31.250000,135.735000,0,0
Model = 578
