Berelido = 0
Berel = 0
Szin = 0,0
Pos = -1990.983032,-2428.614013,31.249000,135.455001,0,0
Model = 578
