Berelido = 0
Berel = 0
Szin = 0,0
Pos = -1996.009033,-2423.861083,31.249000,136.052001,0,0
Model = 578
