Berelido = 0
Berel = 0
Szin = 0,0
Pos = -2000.604003,-2418.864013,31.249000,135.218002,0,0
Model = 578
