Berelido = 0
Berel = 0
Szin = 0,0
Pos = -2004.884033,-2414.385009,31.249000,135.666000,0,0
Model = 578
