Berelido = 0
Berel = 0
Szin = 0,0
Pos = -2009.557006,-2410.155029,31.246000,135.518005,0,0
Model = 578
