Berelido = 0
Berel = 0
Szin = 0,0
Pos = 922.153015,-1123.625000,23.809000,1.848000,0,0
Model = 442
