Berelido = 0
Berel = 0
Szin = 0,0
Pos = 925.328002,-1123.515014,23.808000,359.031005,0,0
Model = 442
