Berelido = 0
Berel = 0
Szin = 0,0
Pos = 932.403015,-1123.441040,23.815000,0.569000,0,0
Model = 442
