Berelido = 0
Berel = 0
Szin = 0,0
Pos = 936.013000,-1123.453002,23.854000,2.269000,0,0
Model = 442
