Berelido = 0
Berel = 0
Szin = 0,0
Pos = 928.947021,-1124.010009,23.804000,1.677000,0,0
Model = 442
