Berelido = 0
Berel = 0
Szin = 0,0
Pos = 939.450012,-1123.562011,23.815000,0.305000,0,0
Model = 442
