Berelido = 0
Berel = 0
Szin = 0,25
Pos = 2315.377929,2460.740966,3.401031,88.948707,2,0
Model = 490
