Berelido = 0
Berel = 0
Szin = 0,25
Pos = 2286.116210,2473.514892,3.250287,359.334045,2,0
Model = 528
