Berelido = 0
Berel = 0
Szin = 0,25
Pos = 2298.154541,2456.299804,3.115298,269.566650,2,0
Model = 603
