Berelido = 0
Berel = 0
Szin = 0,25
Pos = 2303.242431,2431.966552,3.408312,2.302098,2,0
Model = 437
