Berelido = 0
Berel = 0
Szin = 0,25
Pos = 2298.903808,2447.866699,2.977653,268.076263,2,0
Model = 451
