Berelido = 0
Berel = 0
Szin = 0,25
Pos = 2298.181396,2464.401123,3.000514,271.953369,2,0
Model = 411
