Berelido = 0
Berel = 0
Szin = 0,25
Pos = 1609.173339,-1799.384155,13.196949,204.672103,0,0
Model = 560
