Berelido = 0
Berel = 0
Szin = 0,25
Pos = 2308.004638,2432.303222,3.073286,358.276367,2,0
Model = 409
