Berelido = 0
Berel = 0
Szin = 0,25
Pos = 1613.571044,-1796.738037,13.237000,212.044006,0,0
Model = 598
