Berelido = 0
Berel = 0
Szin = 0,25
Pos = 2298.403808,2451.889160,2.898545,271.590423,2,0
Model = 541
