Berelido = 0
Berel = 0
Szin = 0,25
Pos = 2315.288818,2465.368408,3.517024,89.363517,2,0
Model = 599
