Berelido = 0
Berel = 0
Szin = 0,25
Pos = 1668.994506,-1830.786376,28.323732,89.132041,0,0
Model = 497
