Berelido = 0
Berel = 0
Szin = 0,25
Pos = 1656.288452,-1817.666259,13.678750,116.988708,0,0
Model = 427
