Berelido = 0
Berel = 0
Szin = 0,25
Pos = 1619.316040,-1795.234008,13.274000,193.210006,0,0
Model = 598
