Berelido = 0
Berel = 0
Szin = 0,25
Pos = 1655.357543,-1840.003906,13.665575,91.725517,0,0
Model = 428
