Berelido = 0
Berel = 0
Szin = 0,25
Pos = 1653.887695,-1830.117187,13.679073,86.849189,0,0
Model = 427
