Berelido = 0
Berel = 0
Szin = 0,25
Pos = 1669.152465,-1849.126831,28.355915,89.456962,0,0
Model = 497
