Berelido = 0
Berel = 0
Szin = 0,25
Pos = -1679.926635,706.305114,30.769514,89.858528,0,0
Model = 497
