Berelido = 0
Berel = 0
Szin = 0,25
Pos = 1655.479003,-1812.935058,13.677350,120.819702,0,0
Model = 427
