Berelido = 0
Berel = 0
Szin = 0,25
Pos = 1670.451049,-1803.879028,38.055000,358.509002,0,0
Model = 548
