Berelido = 0
Berel = 0
Szin = 0,25
Pos = 1654.086669,-1826.660156,13.671092,88.592514,0,0
Model = 427
