Berelido = 0
Berel = 0
Szin = 0,25
Pos = 1668.427001,-1840.072021,28.315000,88.833000,0,0
Model = 497
