Berelido = 0
Berel = 0
Szin = 0,25
Pos = 1652.909301,-1807.778320,13.669170,122.061759,0,0
Model = 490
