Berelido = 0
Berel = 0
Szin = 0,25
Pos = 2314.770263,2455.319091,3.400563,92.363845,2,0
Model = 490
