Berelido = 0
Berel = 0
Szin = 0,25
Pos = 2276.477539,2473.952148,3.405286,359.572509,2,0
Model = 427
