Berelido = 0
Berel = 0
Szin = 0,25
Pos = 1642.764770,-1802.627807,13.664847,149.794448,0,0
Model = 427
