Berelido = 0
Berel = 0
Szin = 0,25
Pos = 2281.250732,2474.273681,3.405158,358.158721,2,0
Model = 427
