Berelido = 0
Berel = 0
Szin = 0,25
Pos = 1631.742797,-1799.124755,13.647637,165.866516,0,0
Model = 427
