Berelido = 0
Berel = 0
Szin = 0,25
Pos = 1637.433593,-1800.811401,13.655961,164.615631,0,0
Model = 427
