Berelido = 0
Berel = 0
Szin = 0,25
Pos = 1647.200561,-1805.166992,13.292490,142.979110,0,0
Model = 601
