Berelido = -1
Berel = -1
Szin = 20,20
Pos = 556.873291,-1291.360473,16.975303,342.640014,0,0
Model = 411
