Berelido = -1
Berel = -1
Szin = 60,60
Pos = 520.596008,-1289.369018,17.041000,319.608001,0,0
Model = 409
