Berelido = -1
Berel = -1
Szin = 20,20
Pos = 553.298828,-1291.590576,16.975276,343.335052,0,0
Model = 411
