Berelido = -1
Berel = -1
Szin = 70,70
Pos = 568.893005,-1286.619018,16.819000,63.810001,0,0
Model = 522
