Berelido = -1
Berel = -1
Szin = 79,79
Pos = 569.598449,-1291.318481,16.856096,78.902366,0,0
Model = 462
