Berelido = -1
Berel = -1
Szin = 50,50
Pos = 534.148010,-1291.192016,17.360000,326.479003,0,0
Model = 482
