Berelido = -1
Berel = -1
Szin = 79,79
Pos = 569.497680,-1289.798950,16.848087,80.251411,0,0
Model = 462
