Berelido = -1
Berel = -1
Szin = 70,70
Pos = 564.284790,-1291.093505,16.982168,10.002981,0,0
Model = 411
