Berelido = -1
Berel = -1
Szin = 70,70
Pos = 542.513000,-1268.921020,16.943000,270.247009,0,0
Model = 560
