Berelido = -1
Berel = -1
Szin = 60,60
Pos = 535.367004,-1275.927001,17.072000,272.161010,0,0
Model = 402
