Berelido = -1
Berel = -1
Szin = 50,50
Pos = 537.859008,-1291.500000,17.361000,328.446014,0,0
Model = 482
