Berelido = -1
Berel = -1
Szin = 60,60
Pos = 538.931030,-1272.223022,17.072000,272.122009,0,0
Model = 402
