Berelido = -1
Berel = -1
Szin = 20,20
Pos = 550.070007,-1291.588012,16.954000,332.635009,0,0
Model = 411
