Berelido = -1
Berel = -1
Szin = 90,90
Pos = 550.921020,-1262.911010,16.943000,273.868011,0,0
Model = 560
