Berelido = -1
Berel = -1
Szin = 90,90
Pos = 546.440002,-1265.967041,16.951000,272.134002,0,0
Model = 560
