Berelido = -1
Berel = -1
Szin = 30,30
Pos = 545.671020,-1291.494018,16.908000,329.828002,0,0
Model = 451
