Berelido = -1
Berel = -1
Szin = 30,30
Pos = 541.593017,-1290.817016,16.934000,329.015014,0,0
Model = 451
