Berelido = -1
Berel = -1
Szin = 30,30
Pos = 524.556030,-1290.852050,17.180000,322.467010,0,0
Model = 579
