Berelido = -1
Berel = -1
Szin = 30,30
Pos = 529.723022,-1291.035034,17.179000,325.725006,0,0
Model = 579
