Berelido = -1
Berel = -1
Szin = 40,40
Pos = 567.515014,-1279.753051,16.812000,63.034000,0,0
Model = 522
