Berelido = -1
Berel = -1
Szin = 40,40
Pos = 568.341003,-1284.427001,16.819000,62.423000,0,0
Model = 522
