Berelido = -1
Berel = -1
Szin = 40,40
Pos = 568.833801,-1287.667602,16.818712,116.512847,0,0
Model = 522
