Berelido = -1
Berel = -1
Szin = 1,1
Pos = -1992.296630,245.563873,34.898937,262.575622,0,0
Model = 411
