Berelido = -1
Berel = -1
Szin = 3,3
Pos = -1993.379028,240.335006,34.895000,269.713012,0,0
Model = 411
