Berelido = -1
Berel = -1
Szin = 70,70
Pos = -1990.836059,263.023010,34.881000,266.204010,0,0
Model = 451
