Berelido = -1
Berel = -1
Szin = 70,70
Pos = -1970.322021,297.578002,34.972000,90.527000,0,0
Model = 551
