Berelido = -1
Berel = -1
Szin = 70,70
Pos = -1991.218017,258.778015,34.881000,266.450012,0,0
Model = 451
