Berelido = -1
Berel = -1
Szin = 60,60
Pos = -1989.838012,275.557006,34.895000,268.686004,0,0
Model = 411
