Berelido = -1
Berel = -1
Szin = 60,60
Pos = -1990.135009,271.575012,34.902000,266.781005,0,0
Model = 411
