Berelido = -1
Berel = -1
Szin = 50,50
Pos = -1987.618041,306.903015,35.104000,270.738006,0,0
Model = 579
