Berelido = -1
Berel = -1
Szin = 70,70
Pos = -1990.487060,267.178009,34.881000,266.782012,0,0
Model = 451
