Berelido = -1
Berel = -1
Szin = 50,50
Pos = -1971.307006,290.183013,35.097000,91.288002,0,0
Model = 579
