Berelido = -1
Berel = -1
Szin = 70,70
Pos = -1970.348022,301.898010,34.972000,89.152000,0,0
Model = 551
