Berelido = -1
Berel = -1
Szin = 30,30
Pos = -1968.701049,256.183013,34.875000,0.082000,0,0
Model = 560
