Berelido = -1
Berel = -1
Szin = 30,30
Pos = -1968.635009,265.897003,34.875000,0.052000,0,0
Model = 560
