Berelido = -1
Berel = -1
Szin = 40,40
Pos = -1969.000000,274.286010,34.740001,50.472000,0,0
Model = 522
