Berelido = -1
Berel = -1
Szin = 40,40
Pos = 567.096801,-1277.791870,16.810365,62.443641,0,0
Model = 522
