Berelido = -1
Berel = -1
Szin = 40,40
Pos = -1992.338012,250.091003,34.851001,264.312011,0,0
Model = 429
