Berelido = -1
Berel = -1
Szin = 40,40
Pos = -1991.713012,254.671005,34.861000,264.463012,0,0
Model = 429
