Berelido = -1
Berel = -1
Szin = 50,50
Pos = -1970.213012,306.665008,34.972000,89.482002,0,0
Model = 551
