Berelido = -1
Berel = -1
Szin = 50,50
Pos = -1987.635009,302.519012,35.104000,271.363006,0,0
Model = 579
