Berelido = -1
Berel = -1
Szin = 1,0
Pos = 2925.069091,-2011.687011,-0.522000,176.203002,0,0
Model = 446
