Berelido = -1
Berel = -1
Szin = 40,40
Pos = 2943.881103,-2002.807006,-0.086000,271.209014,0,0
Model = 454
