Berelido = -1
Berel = -1
Szin = 40,40
Pos = 2942.281005,-1949.909057,-0.790000,275.694000,0,0
Model = 453
