Berelido = -1
Berel = -1
Szin = 0,1
Pos = 2932.218017,-2011.624023,-0.300000,183.074005,0,0
Model = 446
