Berelido = -1
Berel = -1
Szin = 40,40
Pos = 2942.635009,-1956.151000,-0.017000,273.704010,0,0
Model = 453
