Berelido = -1
Berel = -1
Szin = 1,0
Pos = 537.054382,-1934.606689,-0.472424,85.876113,0,0
Model = 446
