Berelido = -1
Berel = -1
Szin = 40,40
Pos = 2944.260009,-2009.114013,0.503000,272.821014,0,0
Model = 454
