Berelido = -1
Berel = -1
Szin = 40,40
Pos = 2929.372070,-1931.406005,-0.726000,3.321000,0,0
Model = 446
