Berelido = -1
Berel = -1
Szin = 1,0
Pos = 536.870056,-1919.376831,-0.558574,87.834983,0,0
Model = 446
