Berelido = -1
Berel = -1
Szin = 40,40
Pos = 2937.349121,-1930.931030,-0.611000,3.236000,0,0
Model = 446
