Berelido = -1
Berel = -1
Szin = 40,40
Pos = 2943.739013,-1987.853027,0.508000,274.002014,0,0
Model = 454
