Berelido = -1
Berel = -1
Szin = 40,40
Pos = 2943.520019,-2017.685058,0.148000,279.790008,0,0
Model = 454
