Berelido = -1
Berel = -1
Szin = 1,0
Pos = 567.705749,-1953.501708,0.017503,74.218696,0,0
Model = 454
