Berelido = -1
Berel = -1
Szin = 1,0
Pos = 572.024780,-1924.314575,0.202698,79.937911,0,0
Model = 454
