Berelido = -1
Berel = -1
Szin = 1,0
Pos = 585.459167,-1955.401367,0.166470,266.547607,0,0
Model = 484
