Berelido = -1
Berel = -1
Szin = 0,0
Pos = 549.180664,-1927.186401,-0.380699,270.076019,0,0
Model = 473
