Berelido = -1
Berel = -1
Szin = 0,0
Pos = 550.455017,-1935.910278,-0.365238,265.939880,0,0
Model = 473
