Berelido = -1
Berel = -1
Szin = 1,0
Pos = 569.949096,-1938.123291,0.045520,81.584808,0,0
Model = 454
