Berelido = -1
Berel = -1
Szin = 0,0
Pos = 549.236816,-1918.651855,-0.227641,268.622100,0,0
Model = 473
