Berelido = -1
Berel = -1
Szin = 1,0
Pos = 587.789794,-1941.360229,0.117509,256.883117,0,0
Model = 484
