Berelido = -1
Berel = -1
Szin = 3,3
Pos = 2946.010009,-2025.645019,0.605000,278.354003,0,0
Model = 484
