Berelido = -1
Berel = -1
Szin = 1,0
Pos = 590.608581,-1926.285522,0.107418,261.311218,0,0
Model = 484
