Berelido = -1
Berel = -1
Szin = 0,0
Pos = 535.963562,-1945.521362,-0.495813,88.486541,0,0
Model = 446
