Berelido = -1
Berel = -1
Szin = 30,30
Pos = 2945.280029,-1964.916015,-0.014000,272.066009,0,0
Model = 473
