Berelido = -1
Berel = -1
Szin = 0,1
Pos = 514.936218,-1925.293334,-0.237705,271.000854,0,0
Model = 493
