Berelido = -1
Berel = -1
Szin = 1,0
Pos = 2931.364013,-1998.786010,-0.814000,5.427000,0,0
Model = 446
