Berelido = -1
Berel = -1
Szin = 0,1
Pos = 2925.429687,-1998.975463,-0.280074,4.519019,0,0
Model = 446
