Berelido = -1
Berel = -1
Szin = 30,30
Pos = 2949.832031,-1964.555053,-0.512000,270.644012,0,0
Model = 473
