Berelido = -1
Berel = -1
Szin = 30,30
Pos = 2941.343017,-1964.472045,0.293000,278.888000,0,0
Model = 473
