Berelido = -1
Berel = -1
Szin = 0,1
Pos = 2929.281005,-1945.770019,-0.734000,177.307006,0,0
Model = 446
