Berelido = -1
Berel = -1
Szin = 40,40
Pos = 2944.164062,-1996.171020,0.537000,274.928009,0,0
Model = 454
