Berelido = 0
Berel = 0
Szin = 3,3
Pos = 1415.734008,-1653.255004,13.244000,269.355010,0,0
Model = 551
