Berelido = 0
Berel = 0
Szin = 3,3
Pos = 1407.426025,-1653.312011,13.260000,268.095001,0,0
Model = 551
