Berelido = 0
Berel = 0
Szin = 3,3
Pos = 1398.291015,-1653.333007,13.272000,269.971008,0,0
Model = 551
