Berelido = 0
Berel = 0
Szin = 3,3
Pos = 1390.468139,-1653.127807,13.327362,269.794311,0,0
Model = 405
