Berelido = 0
Berel = 0
Szin = 3,2
Pos = -1496.265014,1620.296020,1052.191040,266.066009,0,14
Model = 468
