Berelido = 0
Berel = 0
Szin = 3,2
Pos = -1496.279052,1618.258056,1052.197021,268.795013,0,14
Model = 468
