Berelido = 0
Berel = 0
Szin = 3,2
Pos = -1496.232055,1615.942016,1052.197021,268.415008,0,14
Model = 468
