Berelido = 0
Berel = 0
Szin = 3,2
Pos = -1496.411010,1613.286010,1052.197021,270.450012,0,14
Model = 468
