Berelido = 0
Berel = 0
Szin = 3,2
Pos = -1496.364013,1607.925048,1052.197021,273.979003,0,14
Model = 468
