Berelido = 0
Berel = 0
Szin = 3,2
Pos = -1496.494018,1610.598022,1052.197021,274.894012,0,14
Model = 468
