Berelido = 0
Berel = 0
Szin = 3,2
Pos = -1496.221679,1604.993774,1052.200317,271.098663,0,14
Model = 468
