Berelido = 0
Berel = 0
Szin = 86,86
Pos = -1719.820190,1008.281250,17.658016,88.796356,0,0
Model = 428
