Berelido = 0
Berel = 0
Szin = 22,22
Pos = -1719.525512,1003.935363,17.704742,88.846076,0,0
Model = 428
