Berelido = 0
Berel = 0
Szin = 1,1
Pos = -1737.063110,1008.061218,17.710802,270.182556,0,0
Model = 428
