Berelido = 0
Berel = 0
Szin = 19,19
Pos = -1721.109741,1024.640380,17.736869,93.740310,0,0
Model = 428
