Berelido = 0
Berel = 0
Szin = 2,2
Pos = -1719.461303,1000.104064,17.670415,89.653663,0,0
Model = 428
