Berelido = 0
Berel = 0
Szin = 83,83
Pos = -1719.879760,1012.033203,17.706865,88.343444,0,0
Model = 428
