Berelido = 0
Berel = 0
Szin = 1,175
Pos = 1145.036132,-1265.329833,13.936470,181.509109,0,0
Model = 416
