Berelido = 0
Berel = 0
Szin = 1,175
Pos = 1144.958129,-1257.421264,14.466706,180.343032,0,0
Model = 416
