Berelido = 0
Berel = 0
Szin = 1,175
Pos = 1145.062988,-1244.804321,15.494215,180.699996,0,0
Model = 416
