Berelido = 0
Berel = 0
Szin = 1,175
Pos = 1145.189453,-1235.950927,16.400037,180.473266,0,0
Model = 416
