Berelido = 0
Berel = 0
Szin = 13,37
Pos = -1622.146728,-2230.328857,28.544136,69.380256,0,0
Model = 554
