Berelido = 0
Berel = 0
Szin = 13,37
Pos = -1621.072631,-2238.787109,29.154417,89.746070,0,0
Model = 554
