Berelido = 0
Berel = 0
Szin = 13,37
Pos = -1621.597900,-2245.675537,30.066543,88.116722,0,0
Model = 554
