Berelido = 0
Berel = 0
Szin = 13,37
Pos = -1622.143310,-2251.439941,30.848926,78.465972,0,0
Model = 554
