Berelido = 0
Berel = 0
Szin = 13,37
Pos = -1631.347412,-2258.939453,32.187210,2.387943,0,0
Model = 554
