Berelido = 0
Berel = 0
Szin = 13,37
Pos = -1636.649658,-2259.450927,32.292133,3.265244,0,0
Model = 554
