Berelido = 0
Berel = 0
Szin = 13,37
Pos = -1631.395385,-2219.853271,30.549057,177.229476,0,0
Model = 554
