Berelido = 0
Berel = 0
Szin = 13,37
Pos = -1625.774414,-2218.967285,29.196901,166.952026,0,0
Model = 554
