Berelido = 0
Berel = 0
Szin = 13,37
Pos = -1621.875854,-2223.043701,28.338386,129.226318,0,0
Model = 554
