Berelido = 0
Berel = 0
Szin = 13,37
Pos = -1623.467651,-2234.835937,29.117542,82.225753,0,0
Model = 554
