Berelido = 0
Berel = 0
Szin = 1,6
Pos = 2000.571166,-2096.739501,13.432888,269.174377,0,0
Model = 525
