Berelido = 0
Berel = 0
Szin = 1,5
Pos = 2000.535400,-2091.431152,13.435976,269.545379,0,0
Model = 525
