Berelido = 0
Berel = 0
Szin = 1,5
Pos = 2000.180175,-2085.011230,13.426853,270.646728,0,0
Model = 525
