Berelido = 0
Berel = 0
Szin = 86,86
Pos = 2000.439331,-2079.143066,13.433846,269.031646,0,0
Model = 525
