Berelido = 0
Berel = 0
Szin = 69,69
Pos = -1820.777587,114.332824,15.018342,4.748878,0,0
Model = 525
