Berelido = 0
Berel = 0
Szin = 128,128
Pos = -1827.565307,114.099433,14.990056,359.220581,0,0
Model = 525
