Berelido = 0
Berel = 0
Szin = 1,1
Pos = 2018.312011,-2649.822021,14.472000,0.000000,0,0
Model = 519
