Berelido = 0
Berel = 0
Szin = 1,1
Pos = 1979.785034,-2649.812011,14.472000,359.984008,0,0
Model = 519
