Berelido = 0
Berel = 0
Szin = 1,1
Pos = 2048.291015,-2649.832031,14.479000,0.000000,0,0
Model = 519
