Berelido = 0
Berel = 0
Szin = 1,1
Pos = 1940.015014,-2649.798095,14.472000,0.000000,0,0
Model = 519
