Berelido = 0
Berel = 0
Szin = 0,0
Pos = 1546.468139,1850.105224,11.741806,93.706916,0,0
Model = 519
