Berelido = 0
Berel = 0
Szin = 1,1
Pos = -1542.562011,-251.382003,14.147000,16.704000,0,0
Model = 519
