Berelido = 0
Berel = 0
Szin = 1,1
Pos = 1544.702148,1821.709228,11.748879,97.614639,0,0
Model = 519
