Berelido = 0
Berel = 0
Szin = 1,1
Pos = -1581.234008,-270.618011,15.067000,33.761001,0,0
Model = 519
