Berelido = 0
Berel = 0
Szin = 1,1
Pos = -1596.562011,-290.023010,15.069000,44.041000,0,0
Model = 519
