Berelido = 0
Berel = 0
Szin = 1,1
Pos = -1610.500000,-302.769012,15.088000,34.618000,0,0
Model = 519
